E	total	s	p
-9.94802726	0.601	0.2522	0.0212
-9.88432726	0.6241	0.2622	0.0228
-9.820527259999999	0.6506	0.274	0.0242
-9.75682726	0.6821	0.2878	0.0258
-9.69302726	0.7202	0.3046	0.0276
-9.62932726	0.7732	0.3282	0.0298
-9.56562726	0.8901	0.3806	0.034
-9.501827259999999	0.9281	0.3976	0.0364
-9.43812726	0.8874	0.3794	0.036
-9.37432726	0.859	0.3666	0.0362
-9.31062726	0.8465	0.361	0.0364
-9.24682726	0.8192	0.349	0.0368
-9.18312726	0.7962	0.3388	0.0368
-9.119327259999999	0.7766	0.33	0.037
-9.05562726	0.7476	0.3172	0.0368
-8.99192726	0.7292	0.309	0.037
-8.92812726	0.7113	0.3012	0.037
-8.86442726	0.6828	0.2886	0.0368
-8.800627259999999	0.6587	0.278	0.0362
-8.73692726	0.6393	0.2696	0.036000000000000004
-8.67312726	0.6171	0.2598	0.0358
-8.60942726	0.5895	0.2478	0.0352
-8.54572726	0.5661	0.2376	0.0346
-8.481927259999999	0.5445	0.2282	0.034
-8.41822726	0.5203	0.2176	0.03320000000000001
-8.35442726	0.4918	0.2052	0.0322
-8.29072726	0.4659	0.194	0.0314
-8.22692726	0.4437	0.1844	0.0306
-8.16322726	0.4132	0.1712	0.029
-8.099427259999999	0.3938	0.1626	0.0284
-8.03572726	0.3989	0.1638	0.0298
-7.972027259999999	0.3239	0.1322	0.024800000000000003
-7.908227259999999	0.2443	0.0994	0.019
-7.84452726	0.1744	0.0712	0.013600000000000001
-7.780727259999999	0.005	0.002	0.0004
-7.71702726	0.003	0.0012	0.0002
-7.6532272599999995	0.0221	0.0086	0.002
-7.58952726	0.0593	0.023	0.0056
-7.52572726	0.1128	0.0438	0.0108
-7.462027259999999	0.1915	0.0746	0.018199999999999997
-7.398327259999999	0.3244	0.1272	0.0308
-7.33452726	0.3069	0.1194	0.030199999999999998
-7.270827259999999	0.3439	0.1334	0.0342
-7.207027259999999	0.3833	0.148	0.0388
-7.1433272599999995	0.4275	0.1638	0.0444
-7.07952726	0.4652	0.177	0.0494
-7.01582726	0.5027	0.1898	0.0546
-6.952127259999999	0.5579	0.208	0.0626
-6.88832726	0.6265	0.2302	0.07239999999999999
-6.82462726	0.9296	0.3014	0.1256
-6.760827259999999	1.3831	0.4218	0.2
-6.697127259999999	2.0511	0.6018	0.3088
-6.63332726	1.2774	0.385	0.1892
-6.56962726	1.0645	0.3234	0.1576
-6.505827259999999	0.941	0.287	0.1402
-6.4421272599999995	0.8501	0.2594	0.1274
-6.37842726	0.7854	0.24	0.1186
-6.31462726	0.7362	0.225	0.11179999999999998
-6.250927259999999	0.6929	0.2116	0.10619999999999999
-6.18712726	0.6527	0.199	0.10099999999999999
-6.12342726	0.6158	0.1872	0.096
-6.059627259999999	0.5831	0.1766	0.0918
-5.995927259999999	0.5595	0.1692	0.089
-5.93212726	0.5368	0.162	0.08600000000000001
-5.86842726	0.5142	0.1546	0.0834
-5.80472726	0.4926	0.1474	0.0806
-5.740927259999999	0.4692	0.1398	0.0776
-5.6772272599999996	0.4484	0.133	0.075
-5.61342726	0.4341	0.1284	0.07300000000000001
-5.549727259999999	0.4197	0.1236	0.0714
-5.4859272599999995	0.4056	0.119	0.0696
-5.42222726	0.3911	0.1142	0.0678
-5.35852726	0.3751	0.109	0.0658
-5.294727259999999	0.3589	0.1036	0.06359999999999999
-5.231027259999999	0.3455	0.0992	0.061799999999999994
-5.16722726	0.3358	0.096	0.0606
-5.10352726	0.3261	0.0928	0.0592
-5.039727259999999	0.3158	0.0894	0.057999999999999996
-4.9760272599999995	0.3051	0.086	0.0566
-4.91222726	0.2942	0.0824	0.0554
-4.848527259999999	0.2814	0.0782	0.0534
-4.784827259999999	0.2699	0.0746	0.0516
-4.72102726	0.2628	0.0722	0.050800000000000005
-4.65732726	0.2555	0.0698	0.0498
-4.59352726	0.2482	0.0674	0.048799999999999996
-4.529827259999999	0.2409	0.065	0.048
-4.46602726	0.2327	0.0624	0.0468
-4.40232726	0.2236	0.0594	0.0452
-4.338527259999999	0.215	0.0568	0.044000000000000004
-4.2748272599999995	0.4727	0.056	0.12439999999999998
-4.21112726	0.6464	0.057	0.179
-4.147327259999999	0.8513	0.0586	0.24319999999999997
-4.08362726	1.0374	0.0614	0.3022
-4.01982726	1.2889	0.065	0.38220000000000004
-3.9561272599999997	1.2818	0.066	0.3816
-3.8923272599999996	1.1599	0.0652	0.3452
-3.8286272599999993	1.1235	0.0648	0.33540000000000003
-3.7649272599999994	1.0917	0.0642	0.3276
-3.70112726	1.0309	0.0636	0.31
-3.6374272599999995	1.0024	0.0632	0.3022
-3.5736272599999994	1.0342	0.0628	0.31479999999999997
-3.5099272599999995	1.0794	0.0628	0.3326
-3.4461272599999995	1.0466	0.0618	0.32399999999999995
-3.3824272599999996	1.0639	0.061	0.332
-3.3186272599999995	1.0754	0.0596	0.3388
-3.2549272599999997	1.0897	0.0582	0.3466
-3.1912272599999993	1.1431	0.0564	0.36960000000000004
-3.1274272599999997	1.1483	0.0554	0.3742
-3.0637272599999994	1.1907	0.0548	0.3922
-2.9999272599999998	1.2263	0.054	0.4082
-2.9362272599999995	1.2672	0.053	0.42679999999999996
-2.8724272599999994	1.392	0.0516	0.4788
-2.8087272599999995	1.5428	0.05	0.542
-2.7449272599999994	1.5445	0.0484	0.5464
-2.6812272599999996	1.5426	0.0466	0.5488
-2.6175272599999997	1.5284	0.045	0.5472
-2.5537272599999996	1.4994	0.0432	0.54
-2.4900272599999997	1.4831	0.042	0.5371999999999999
-2.4262272599999997	1.4654	0.0408	0.5334
-2.3625272599999994	1.4356	0.0396	0.5244
-2.2987272599999997	1.4283	0.038	0.5262
-2.2350272599999994	1.4196	0.0366	0.5264
-2.1713272599999995	1.3956	0.035	0.5202
-2.1075272599999995	1.3711	0.0336	0.514
-2.0438272599999996	1.3534	0.032	0.5106
-1.9800272599999995	1.338	0.0302	0.5086
-1.9163272599999996	1.3129	0.0288	0.502
-1.8525272599999996	1.3053	0.0278	0.5024
-1.7888272599999997	1.2929	0.0262	0.501
-1.7250272599999996	1.2818	0.0248	0.5006
-1.6613272599999998	1.2597	0.0232	0.495
-1.5976272599999994	1.2419	0.0218	0.49160000000000004
-1.5338272599999998	1.2302	0.0202	0.4904
-1.47012726	1.2166	0.0186	0.48860000000000003
-1.4063272599999994	1.2174	0.017	0.493
-1.3426272599999995	1.2073	0.0154	0.4926
-1.27882726	1.1802	0.0138	0.48519999999999996
-1.2151272599999992	1.1468	0.0126	0.4748
-1.1513272599999995	0.9177	0.0116	0.378
-1.0876272599999997	0.8004	0.0108	0.3294
-1.0239272599999998	0.723	0.0102	0.2978
-0.9601272599999993	0.6569	0.0094	0.271
-0.8964272599999994	0.6012	0.0088	0.2484
-0.8326272599999998	0.5434	0.0074	0.22560000000000002
-0.7689272599999999	0.4961	0.0066	0.2066
-0.7051272599999994	0.4539	0.0058	0.1894
-0.6414272599999995	0.4112	0.0048	0.1724
-0.5777272599999996	0.3758	0.0044	0.158
-0.51392726	0.3374	0.0038	0.1422
-0.45022725999999924	0.302	0.003	0.1278
-0.3864272599999996	0.2639	0.0026	0.1118
-0.32272725999999974	0.2395	0.002	0.1018
-0.2589272599999992	0.2063	0.0014	0.0882
-0.19522725999999935	0.1644	0.001	0.0704
-0.1314272599999997	0.1167	0.0004	0.050199999999999995
-0.06772725999999984	0.0674	0.0002	0.0292
-0.004027259999999977	0.0	0.0	0.0
0.059772740000000546	0.0	0.0	0.0
0.12347274000000041	0.0	0.0	0.0
0.18727274000000005	0.0	0.0	0.0
0.2509727400000008	0.0	0.0	0.0
0.31477274000000044	0.0	0.0	0.0
0.3784727400000003	0.0	0.0	0.0
0.44227274000000083	0.0	0.0	0.0
0.5059727400000007	0.0	0.0	0.0
0.5696727400000006	0.0	0.0	0.0
0.6334727400000002	0.0063	0.0006	0.0006
0.6971727400000001	0.079	0.0082	0.0073999999999999995
0.7609727400000006	0.1555	0.0158	0.0152
0.8246727400000005	0.206	0.0206	0.020399999999999998
0.8884727400000001	0.2612	0.0258	0.0266
0.9521727400000009	0.3239	0.0318	0.0332
1.0158727400000007	0.3629	0.0352	0.0382
1.0796727400000004	0.3934	0.0378	0.0426
1.1433727400000002	0.4302	0.0408	0.0478
1.2071727400000007	0.4642	0.0436	0.0526
1.2708727400000006	0.4995	0.0464	0.057800000000000004
1.3346727400000002	0.5354	0.0494	0.0632
1.3983727400000001	0.5737	0.0524	0.069
1.4621727400000006	0.617	0.0562	0.0756
1.5258727400000005	0.6734	0.0648	0.0832
1.5895727400000004	0.7365	0.0784	0.0912
1.65337274	0.8063	0.0948	0.0996
1.7170727400000008	0.8632	0.1044	0.10880000000000001
1.7808727400000004	0.9229	0.1138	0.1182
1.8445727400000003	0.9897	0.1244	0.1292
1.9083727400000008	1.0616	0.1362	0.1412
1.9720727400000007	1.1403	0.1488	0.15460000000000002
2.0358727400000003	1.234	0.164	0.17020000000000002
2.09957274	1.3699	0.1868	0.1924
2.16327274	1.6253	0.232	0.23220000000000002
2.2270727400000006	1.7227	0.2464	0.2524
2.2907727400000004	1.7056	0.2388	0.2576
2.35457274	1.6941	0.2294	0.2662
2.41827274	1.6004	0.2104	0.2572
2.4820727400000004	1.5644	0.1982	0.25939999999999996
2.545772740000001	1.492	0.1808	0.25239999999999996
2.60947274	1.3648	0.1624	0.2278
2.6732727400000007	1.341	0.1552	0.22460000000000002
2.7369727399999997	1.1907	0.1288	0.20500000000000002
2.80077274	1.1777	0.1202	0.2118
2.864472740000001	1.0969	0.1092	0.19599999999999998
2.9282727399999997	1.1246	0.1082	0.20520000000000002
2.9919727400000005	1.1499	0.1056	0.21480000000000002
3.055772740000001	0.9685	0.0766	0.1858
3.11947274	0.8951	0.066	0.1764
3.1831727400000007	0.9528	0.07	0.19399999999999998
3.2469727400000012	1.1756	0.0784	0.24060000000000004
3.3106727400000002	2.5612	0.1158	0.518
3.3744727400000007	2.2794	0.1174	0.469
3.4381727399999997	2.1636	0.1228	0.4456
3.5019727400000003	1.8944	0.1242	0.38559999999999994
3.565672740000001	1.7436	0.117	0.3526
3.6294727399999998	1.7625	0.121	0.3588
3.6931727400000005	1.9	0.1308	0.3862
3.7568727400000013	1.8268	0.1328	0.3738
3.82067274	1.7131	0.1266	0.35419999999999996
3.8843727400000008	1.538	0.0986	0.32199999999999995
3.9481727400000013	1.5138	0.1006	0.3202
4.01187274	1.2911	0.0706	0.27540000000000003
4.075672740000001	1.1452	0.0542	0.24619999999999997
4.13937274	1.1397	0.0548	0.2444
4.2030727400000005	1.1285	0.0558	0.2414
4.266872740000001	1.124	0.0568	0.24
4.33057274	1.1255	0.0586	0.24000000000000002
4.3943727400000006	1.1757	0.064	0.2494
4.458072740000001	1.3713	0.0724	0.2882
4.52187274	1.4855	0.078	0.3094
4.585572740000001	1.3284	0.077	0.2752
4.64937274	1.2591	0.076	0.26459999999999995
4.71307274	1.2656	0.0792	0.26839999999999997
4.776772740000001	1.3342	0.0854	0.2848
4.84057274	1.3471	0.0856	0.289
4.904272740000001	1.2058	0.077	0.2628
4.968072740000001	1.1816	0.0766	0.2588
5.03177274	1.1649	0.0762	0.257
5.095572740000001	1.1473	0.076	0.254
5.15927274	1.2102	0.0782	0.267
5.22307274	1.2871	0.0854	0.2814
5.286772740000001	1.185	0.0796	0.261
5.35047274	1.1916	0.0794	0.2632
5.41427274	1.2095	0.0798	0.2686
5.477972740000001	1.2119	0.0774	0.2696
5.54177274	1.1953	0.0742	0.2662
5.605472740000001	1.1327	0.0696	0.253
5.669272740000001	1.119	0.0664	0.2514
5.73297274	1.1125	0.0636	0.2508
5.796672740000001	1.0559	0.06	0.23979999999999999
5.86047274	0.9972	0.0562	0.2286
5.92417274	0.9961	0.0548	0.2294
5.987972740000001	1.0139	0.055	0.2342
6.05167274	1.1315	0.058	0.2632
6.11547274	1.0339	0.053	0.2416
6.179172740000001	0.9734	0.0494	0.22799999999999998
6.24297274	0.946	0.0464	0.2188
6.306672740000001	0.9351	0.0446	0.2126
6.37037274	0.9619	0.0438	0.214
6.43417274	1.0009	0.044	0.2184
6.497872740000001	1.1395	0.0494	0.2424
6.56167274	1.2926	0.0578	0.2582
6.62537274	1.3573	0.0672	0.2476
6.689172740000001	1.3763	0.0676	0.252
6.75287274	1.3884	0.0672	0.253
6.8166727400000005	1.3189	0.063	0.2494
6.880372740000001	1.2463	0.06	0.2384
6.94407274	1.1805	0.057	0.2276
7.007872740000001	1.116	0.0538	0.218
7.07157274	1.0485	0.0506	0.2086
7.13537274	1.006	0.0488	0.20479999999999998
7.199072740000001	1.0928	0.0536	0.2316
7.26287274	1.1529	0.0556	0.2474
7.3265727400000005	1.1814	0.0544	0.2522
7.390272740000001	1.2444	0.0552	0.26780000000000004
7.45407274	1.2301	0.053	0.2626
7.517772740000001	1.1762	0.049	0.2442
7.581572740000001	1.213	0.0482	0.2388
7.64527274	1.2587	0.0478	0.23779999999999998
7.709072740000001	1.3252	0.0476	0.242
7.77277274	1.4997	0.0484	0.2738
7.83657274	1.3146	0.0468	0.24979999999999997
7.900272740000001	1.2765	0.0462	0.2462
7.96397274	1.2512	0.0472	0.24419999999999997
8.02777274	1.2058	0.0478	0.236
8.09147274	1.1191	0.048	0.21760000000000002
8.155272740000001	1.1853	0.0498	0.2308
8.218972740000002	1.1568	0.0488	0.223
8.282772740000002	1.1474	0.0482	0.22099999999999997
8.34647274	1.1729	0.0484	0.22860000000000003
8.41027274	1.1838	0.0484	0.2296
8.47397274	1.2076	0.0486	0.229
8.537672740000001	1.2063	0.049	0.2258
8.601472740000002	1.1993	0.049	0.22199999999999998
8.66517274	1.1906	0.049	0.2188
8.72897274	1.2097	0.0496	0.2188
8.79267274	1.2375	0.0502	0.2204
8.856472740000001	1.2626	0.0516	0.22260000000000002
8.920172740000002	1.3047	0.0566	0.226
8.983872739999999	1.3495	0.064	0.2286
9.04767274	1.3585	0.0636	0.23120000000000002
9.11137274	1.4054	0.0664	0.23619999999999997
9.17517274	1.4547	0.0698	0.2414
9.238872740000001	1.4535	0.0676	0.2444
9.302672740000002	1.4237	0.0666	0.236
9.36637274	1.4107	0.0658	0.2334
9.43017274	1.3964	0.0652	0.23079999999999998
9.49387274	1.379	0.0642	0.2284
9.557572740000001	1.3594	0.0628	0.2256
9.621372740000002	1.3334	0.0612	0.222
9.685072739999999	1.3193	0.0602	0.21999999999999997
9.74887274	1.3535	0.0594	0.2364
9.81257274	1.3213	0.0588	0.217
9.87637274	1.3327	0.0586	0.21440000000000003
9.940072740000002	1.3559	0.0582	0.2184
